
9 7 9 
9 15 9 12 
9 12 10 
3 6 4 
9 15 9 12 15 
3 13 3 
9 7 15 9 12 
9 15 9 
9 13 10 12 
9 16 9 
9 7 0 12 
9 17 9 
9 7 15 9 
3 1 14 6 
9 7 17 9 
9 15 10 
9 7 9 6 
9 16 10 
9 16 7 11 
9 17 10 
9 7 15 11 
3 0 8 13 
9 7 17 11 
9 15 9 6 
9 15 11 
9 15 0 12 
9 0 12 
9 15 11 15 
9 2 5 
9 15 11 17 
3 1 14 6 9 
3 16 3 
9 8 9 
3 15 3 
9 1 8 12 
9 8 9 17 
3 13 17 3 
3 16 5 13 
3 13 2 11 
9 15 9 7 
9 1 8 
3 16 1 14 
9 0 12 8 
9 1 8 15 
9 2 5 8 
3 1 14 
3 1 14 6 9 7 
9 15 9 7 11 
9 15 7 11 
3 16 1 14 11 
9 16 8 11 
3 0 8 4 
9 17 8 11 
3 1 14 11 
9 1 8 15 9 12 
9 15 1 7 
9 7 1 6 
9 15 1 7 17 
3 16 1 14 9 
3 1 14 11 13 
9 1 8 15 9 
3 1 14 9 16 
3 1 14 9 
3 16 4 
9 14 10 
3 15 4 
9 7 0 14 
3 13 3 12 
3 6 2 11 
3 6 1 13 
3 13 15 5 
9 15 9 7 5 
9 1 8 5 
3 16 1 14 5 
9 16 12 11 
3 0 8 11 
9 17 14 11 
3 1 14 3 
3 1 14 9 3 7 
3 16 4 6 
9 15 11 14 
9 15 0 14 
9 0 14 
3 0 8 
9 2 5 14 
9 0 17 14 
3 1 14 6 9 12 
9 15 1 7 5 
9 12 0 12 
9 0 16 12 
9 15 0 14 10 
3 0 8 11 6 
3 0 8 10 
3 0 8 10 15 
3 1 14 9 3 
3 16 4 7 
9 1 8 14 
3 16 1 13 
9 0 8 14 
3 16 5 
3 17 5 
3 15 5 
9 1 8 12 3 
3 15 1 13 17 
9 1 8 5 7 
3 15 1 13 
9 1 8 3 16 
3 13 1 12 
9 1 8 3 
3 16 1 14 3 
9 0 12 8 3 
3 16 0 6 
9 16 8 11 12 
3 15 1 13 11 
9 0 14 4 15 
3 6 0 6 
9 15 7 11 3 
9 15 0 14 4 
9 0 14 4 
9 15 7 1 5 6 
3 16 0 6 10 
9 7 1 6 3 15 
3 15 1 13 9 
9 15 1 7 3 
9 7 1 6 3 
9 0 16 12 4 
9 3 0 14 8 
9 7 10 1 
9 6 9 
9 12 9 1 
9 7 12 1 
3 7 4 
9 17 8 11 6 
3 6 0 13 
9 7 17 11 6 
9 1 10 
9 7 1 
9 16 7 1 
9 7 16 1 
9 7 15 1 
9 2 5 6 
9 7 17 1 
3 1 14 9 6 
9 1 9 
9 7 11 1 
9 15 12 1 
9 12 1 
9 12 17 1 
9 6 17 11 
9 12 16 1 
3 1 14 9 6 9 
9 15 1 
9 1 
9 1 16 
9 16 7 1 9 
9 1 17 
9 7 15 1 9 
3 1 14 9 16 6 
9 7 17 1 9 
3 0 4 
3 13 0 17 
3 16 0 13 
9 12 8 1 
3 13 0 16 
3 12 2 11 
3 13 0 
3 14 0 9 6 12 
9 15 7 1 
9 1 6 
9 16 8 1 
3 16 1 14 9 7 
3 14 0 
3 14 0 9 6 
3 1 14 9 16 7 
3 13 2 9 1 
9 15 7 1 11 
9 8 11 1 
9 15 12 1 6 
3 14 0 9 12 15 
3 14 0 11 
3 14 0 9 6 9 
3 14 0 9 12 16 
3 14 0 9 12 
9 15 1 6 
9 15 7 1 9 
3 14 0 9 15 
9 16 8 1 9 
9 15 2 3 0 
3 14 0 9 
9 2 16 3 0 
9 3 0 14 7 4 
3 0 3 
9 7 14 1 
3 15 6 0 
9 0 14 6 
3 6 0 
3 17 5 7 
3 15 5 7 
9 0 14 4 6 
9 15 7 1 5 
9 8 5 1 
9 0 16 12 6 
3 15 1 13 9 6 
3 14 0 3 
9 7 2 4 0 
9 0 16 12 4 6 
3 1 14 9 3 6 
9 15 14 1 
9 1 14 
9 16 12 1 
9 0 14 4 15 6 
3 8 0 
9 14 4 1 7 
9 15 0 14 4 6 
9 12 2 4 0 
9 15 1 6 5 
9 15 14 1 10 
3 8 0 10 15 
9 16 12 1 10 
9 15 2 4 0 
3 8 0 10 
9 2 16 4 0 
9 3 0 14 7 
3 16 0 
3 17 0 
3 15 0 
9 0 14 4 15 7 
3 0 
3 13 0 17 3 
3 16 0 13 3 
9 12 8 1 3 
3 16 0 7 11 
9 1 8 4 0 
9 8 3 1 15 
9 8 4 0 14 
9 15 7 1 3 
9 8 3 1 
9 16 8 1 3 
9 3 0 14 6 
3 16 0 7 
3 16 2 10 1 
9 14 4 1 15 
9 0 14 3 0 
9 15 14 1 4 
9 14 4 1 
9 16 12 1 4 
9 3 0 14 6 9 
3 16 0 7 10 15 
3 16 0 7 10 
3 8 0 10 15 6 
9 3 0 14 15 
9 15 1 6 3 
9 3 0 14 17 
9 3 0 14 16 
9 3 0 14 
3 6 3 
9 13 10 0 
3 13 4 
9 7 12 2 
3 12 3 0 
3 13 6 16 
3 13 6 
3 13 6 15 
9 2 10 
9 7 2 
9 16 7 2 
9 7 16 2 
3 14 6 
9 2 5 6 1 
9 7 17 2 
3 13 8 10 7 
9 2 9 
9 7 11 2 
9 15 12 2 
9 12 2 
9 12 17 2 
9 6 17 11 1 
3 13 8 
3 14 6 9 12 
9 15 2 
9 2 
9 2 16 
9 16 7 2 9 
9 2 17 
3 14 6 9 
3 14 6 9 15 
3 13 8 10 
3 0 4 1 
3 13 17 
3 16 13 
3 13 15 
3 13 16 
3 16 13 15 
3 13 
9 7 12 2 3 
3 14 16 
9 2 8 
3 14 15 
9 7 2 3 16 
3 14 
9 7 2 3 
3 1 14 6 4 
9 7 17 9 4 
3 0 8 5 
9 8 11 2 
3 14 15 11 
9 12 2 3 15 
3 14 11 
9 7 15 11 4 
3 0 8 13 4 
9 12 2 3 
9 15 1 6 1 
3 14 16 9 
9 2 3 15 
3 14 15 9 
9 15 2 3 
9 2 3 
9 2 16 3 
3 13 9 16 11 
9 14 9 2 
3 6 16 
3 15 6 
3 6 17 
3 6 
3 15 6 15 
3 13 5 
9 7 12 2 4 
3 14 16 4 
9 8 5 2 
3 1 14 5 
9 7 2 4 16 
3 14 5 
9 7 2 4 
3 1 14 6 3 
9 7 17 9 3 
3 8 16 
9 2 14 
3 8 15 
9 12 2 4 15 
3 8 
9 7 15 11 3 
3 0 8 13 3 
9 12 2 4 
3 14 16 4 6 
3 8 16 10 
9 2 4 15 
3 8 15 10 
9 15 2 4 
9 2 4 
9 2 16 4 
3 6 9 15 11 
3 16 
3 17 
3 15 
9 1 8 12 4 
3 
9 7 9 3 
9 15 9 12 3 
9 12 10 3 
3 12 15 12 
9 1 8 4 
9 3 15 9 
9 0 12 8 4 
9 15 9 3 
9 8 3 2 
9 16 9 3 
9 7 0 12 3 
3 7 16 6 
9 15 7 11 4 
9 3 15 10 
9 0 14 3 
9 15 10 3 
9 14 4 2 
9 16 10 3 
9 16 7 11 3 
9 15 1 7 4 
9 7 1 6 4 
9 0 16 12 3 
9 3 15 11 
9 15 9 6 3 
9 15 11 3 
9 15 0 12 3 
9 0 12 3 
3 7 3 
9 7 13 2 
3 7 16 13 
9 6 12 1 
3 12 6 0 
3 13 6 16 8 
3 13 7 
9 12 2 3 6 
9 6 15 1 
9 6 1 
9 6 16 1 
3 14 15 9 6 
3 14 7 
9 2 3 6 
9 2 16 3 6 
3 13 8 10 6 
9 13 15 2 
9 13 2 
9 13 16 2 
9 12 2 3 15 6 
9 13 17 2 
9 2 3 6 9 
3 0 8 13 4 6 
3 14 7 9 12 
9 0 11 2 
3 14 16 9 6 
9 2 3 15 6 
9 6 16 1 9 
9 15 2 3 6 
3 14 7 9 
3 14 6 9 15 6 
3 13 9 16 11 6 
3 6 0 5 
9 13 8 2 
3 13 0 4 
9 0 14 4 6 5 
3 12 0 
9 7 13 2 3 
3 6 0 13 4 
9 6 12 1 3 
9 15 8 1 
3 14 16 9 7 
9 2 3 15 7 
3 13 2 9 1 4 
9 7 15 1 4 
9 6 1 3 
9 7 17 1 4 
3 1 14 9 6 4 
3 8 0 5 
9 14 4 1 7 5 
9 13 2 3 15 
9 1 14 3 13 
9 12 17 1 4 
9 13 2 3 
9 12 16 1 4 
9 1 3 7 5 12 
9 1 17 4 16 
3 14 0 9 4 
9 2 3 15 8 
9 3 0 14 7 5 
9 1 17 4 
9 1 3 7 5 
9 2 3 15 6 3 
9 12 1 3 13 
3 7 16 
3 7 17 
3 7 15 
9 0 14 3 6 
3 7 
9 3 6 9 
3 6 0 13 3 
9 12 2 4 6 
3 14 0 5 
3 14 0 9 6 5 
9 2 4 6 15 
3 8 15 10 6 
9 7 15 1 3 
9 2 4 6 
9 7 17 1 3 
9 0 12 3 6 
3 16 8 
9 1 14 3 7 
9 3 15 10 6 
3 14 0 9 12 5 
9 12 17 1 3 
9 13 2 4 
9 12 16 1 3 
9 12 1 3 7 
3 16 8 10 15 
3 16 8 10 
9 2 4 15 6 
9 3 15 11 6 
9 1 17 3 
9 1 3 7 
9 1 3 7 15 
9 1 3 7 17 
3 16 7 
3 13 0 17 4 
3 16 0 13 4 
9 12 8 1 4 
9 7 10 1 3 
9 6 9 3 
9 12 9 1 3 
9 7 12 1 3 
9 15 7 1 4 
9 1 6 4 
9 16 8 1 4 
9 3 15 11 7 
9 1 10 3 
9 7 1 3 
9 16 7 1 3 
9 7 16 1 3 
9 15 14 1 3 
9 1 14 3 
9 16 12 1 3 
9 12 1 3 15 
9 1 9 3 
9 7 11 1 3 
9 15 12 1 3 
9 12 1 3 
9 15 1 6 4 
9 15 1 3 16 
9 1 3 15 
9 3 0 14 5 
9 15 1 3 
9 1 3 
9 1 16 3 
9 16 7 1 9 3 
9 7 10 0 
9 13 10 
9 13 10 16 
9 7 12 0 
3 12 3 
9 7 15 9 13 
3 13 1 6 
9 17 14 11 12 
9 0 10 
9 7 0 
9 16 7 0 
9 7 0 16 
9 7 0 15 
9 13 17 11 
9 7 0 17 
3 1 14 9 6 2 
9 0 9 
9 7 0 9 
9 15 12 0 
9 12 0 
9 12 0 17 
9 13 17 10 
9 12 0 16 
3 0 8 10 12 
9 15 0 
9 0 
9 0 16 
9 16 7 0 9 
9 0 17 
3 14 6 9 1 
3 0 8 10 15 13 
3 13 8 10 1 
3 1 4 
3 13 1 17 
3 16 13 1 
9 12 0 8 
3 13 1 16 
3 12 1 11 
3 13 1 
9 1 8 3 12 
9 15 0 7 
9 0 8 
9 0 16 8 
9 1 8 3 16 13 
3 14 1 
9 7 2 3 1 
3 16 1 14 3 13 
9 0 8 3 12 
9 15 1 7 13 
9 0 8 9 
3 14 15 11 1 
3 16 0 6 10 12 
3 14 1 11 
9 1 8 15 9 13 
9 15 1 7 3 12 
9 12 2 3 1 
9 15 1 6 2 
3 14 16 9 1 
9 2 3 15 1 
3 14 15 9 1 
9 15 2 3 1 
3 14 1 9 
9 2 16 3 1 
9 3 0 8 12 
3 1 3 
9 7 0 13 
3 15 1 6 
3 6 1 17 
3 6 1 
3 7 2 11 
3 13 1 3 
9 0 14 4 6 2 
3 14 16 4 1 
9 0 8 5 
3 1 14 5 1 
9 7 2 4 16 1 
3 14 1 3 
9 7 2 4 1 
3 1 14 6 3 1 
9 7 17 9 3 1 
9 15 0 13 
9 0 13 
9 0 16 14 
9 15 0 14 10 12 
3 8 1 
3 6 2 10 0 
3 0 8 10 15 12 
9 12 2 4 1 
9 0 16 13 
3 8 16 10 1 
9 2 4 15 1 
3 8 15 10 1 
9 15 2 4 1 
3 8 1 10 
9 2 16 4 1 
9 3 0 14 7 2 
3 16 1 
3 17 1 
3 15 1 
9 1 8 3 16 12 
3 1 
9 7 9 3 1 
3 16 13 1 3 
9 12 10 3 1 
3 15 1 12 
9 1 8 4 1 
9 3 15 9 1 
3 15 2 9 0 
9 15 9 3 1 
9 0 8 3 
9 16 9 3 1 
9 3 0 14 6 2 
3 16 0 7 2 
9 14 3 0 8 
9 3 15 10 1 
9 0 14 3 1 
9 15 10 3 1 
9 0 13 4 
9 16 10 3 1 
9 3 0 8 13 
9 15 1 7 4 1 
3 15 1 12 9 
9 0 16 12 3 1 
9 3 15 11 1 
9 0 16 13 4 
9 3 0 8 
9 3 0 8 15 
9 3 0 14 2 
9 0 9 6 
9 7 1 13 
9 15 7 1 5 12 
9 12 0 6 
3 6 0 12 
9 2 5 6 13 
3 13 1 7 
9 7 2 4 0 12 
9 0 6 15 
9 0 6 
9 0 16 6 
3 14 15 9 1 6 
9 0 17 6 
3 14 1 9 6 
9 2 16 3 1 6 
3 13 8 10 1 6 
9 1 13 15 
9 1 13 
9 1 13 16 
9 15 14 1 10 12 
9 1 13 17 
9 7 15 1 9 13 
9 15 2 4 0 12 
3 8 0 10 12 
9 15 0 6 
9 0 6 15 9 
3 8 0 10 15 13 
9 0 16 6 9 
9 17 4 0 7 
9 0 17 6 9 
9 17 3 0 12 
9 3 0 12 7 
3 0 12 16 
9 1 13 6 
3 0 12 15 
9 1 8 4 0 12 
3 0 12 
3 14 0 9 6 13 
9 15 7 1 3 12 
9 8 3 1 12 
9 15 0 8 
9 3 0 4 6 
9 8 3 1 15 13 
9 8 4 0 12 
9 17 4 0 6 
3 13 2 9 1 13 
9 3 0 12 10 
9 3 0 12 6 
9 15 1 6 13 
3 13 17 9 0 
3 14 0 9 13 15 
9 3 0 13 4 
9 12 17 4 0 
3 14 0 9 13 
9 3 0 12 9 
9 3 0 14 17 12 
9 3 0 4 15 
9 3 0 4 
9 3 0 4 16 
9 3 0 12 15 
9 17 4 0 
9 3 0 12 17 
9 3 0 12 16 
9 3 0 12 
3 1 7 16 
9 0 13 6 
3 15 1 7 
9 0 14 3 1 6 
3 1 7 
9 0 13 4 6 
9 16 10 3 1 6 
9 12 2 4 1 6 
9 0 16 13 6 
9 3 0 6 3 
3 8 1 10 6 15 
3 6 17 10 0 
9 3 0 7 10 
3 8 1 10 6 
9 7 17 3 0 
9 3 0 14 2 6 
3 16 1 8 
9 14 3 0 7 
3 8 0 10 15 12 
9 3 0 3 13 
9 3 0 7 9 
9 7 17 1 9 14 
9 17 3 0 13 
9 3 0 7 13 
9 3 0 3 15 
9 3 0 3 
9 3 0 3 16 
9 3 0 7 16 
9 17 3 0 
9 3 0 7 
9 3 0 7 15 
9 3 0 12 3 
3 16 1 7 
9 14 3 0 6 
9 8 3 1 15 12 
9 8 4 0 13 
3 0 12 16 3 
9 1 13 6 3 
3 0 12 15 3 
9 3 0 6 13 
9 8 4 0 15 
9 8 4 0 
9 8 4 0 16 
9 3 0 6 16 
9 3 0 10 
9 3 0 6 
9 3 0 6 15 
9 3 0 6 17 
9 14 3 0 15 
9 14 3 0 
9 14 3 0 16 
9 3 0 13 15 
9 3 0 9 
9 3 0 6 9 
9 3 0 13 16 
9 3 0 13 
9 3 0 4 16 13 
3 16 9 0 
9 3 0 15 
3 15 9 0 
9 15 3 0 
9 3 0 
9 16 3 0 
9 3 0 12 15 3 
3 12 4 
9 7 13 0 
3 12 15 6 
9 6 12 2 
3 12 6 
3 13 6 15 14 
3 12 6 15 
9 7 2 4 12 
9 6 15 2 
9 6 2 
9 6 16 2 
9 7 2 4 16 13 
9 6 17 2 
9 2 3 6 1 
3 1 14 6 3 13 
9 2 4 12 10 
9 13 15 0 
9 13 0 
9 13 16 0 
3 8 16 10 12 
3 12 8 
3 14 6 9 13 
9 15 2 4 12 
9 2 4 12 
9 0 11 0 
9 6 15 2 9 
9 2 4 15 13 
3 8 15 10 13 
3 14 6 9 15 13 
3 12 8 10 
9 2 16 4 13 
3 6 9 15 11 13 
3 12 16 
3 12 17 
3 12 15 
9 1 8 4 12 
3 12 
9 7 2 3 13 
9 15 9 3 12 
9 3 12 10 
3 15 14 
9 7 2 3 16 13 
9 3 15 9 13 
9 0 8 4 12 
9 7 0 15 4 
9 6 2 3 
9 16 9 3 13 
9 7 0 3 12 
3 8 1 5 
3 14 16 9 13 
9 13 0 3 15 
9 7 1 6 4 12 
9 15 2 3 13 
9 13 0 3 
9 12 0 16 4 
9 15 11 3 12 
9 2 3 15 13 
3 15 14 9 
3 15 14 9 16 
9 3 15 11 13 
9 0 17 4 
9 0 3 12 17 
9 0 3 12 16 
9 0 3 12 
3 6 1 3 
9 6 14 2 
3 13 1 5 
9 7 2 4 16 12 
3 12 5 
9 3 6 9 1 
3 13 1 6 3 
9 6 12 2 4 
3 14 1 5 
9 0 8 4 6 
9 6 2 4 15 
3 8 15 10 6 1 
9 7 0 15 3 
9 6 2 4 
9 7 0 17 3 
9 0 12 3 6 1 
9 16 14 0 
9 16 7 2 9 14 
9 2 4 15 12 
3 8 15 10 12 
9 12 0 17 3 
9 13 0 4 
9 2 16 4 12 
3 6 9 15 11 12 
9 2 4 15 14 
3 8 15 10 14 
9 0 17 3 15 
9 3 15 11 6 1 
9 0 17 3 
9 1 3 7 1 
9 1 3 7 15 1 
9 0 3 12 5 
3 15 12 
3 13 1 17 4 
9 3 15 9 12 
9 12 0 8 4 
9 7 10 0 3 
9 13 10 3 
9 16 9 3 12 
9 7 12 0 3 
9 3 15 9 14 
9 0 8 4 
9 0 16 8 4 
9 7 0 3 16 
9 0 10 3 
9 7 0 3 
9 16 7 0 3 
9 7 0 16 3 
9 2 3 15 14 
9 0 13 3 
9 0 16 14 3 
9 3 15 11 12 
9 0 9 3 
9 7 0 9 3 
9 15 12 0 3 
9 12 0 3 
9 0 16 13 3 
9 3 15 11 14 
9 0 3 15 
9 15 0 3 17 
9 15 0 3 
9 0 3 
9 0 16 3 
9 16 7 0 9 3 
3 12 7 16 
9 6 13 2 
3 12 15 7 
9 2 3 6 13 16 
3 12 7 
9 2 3 6 13 
9 7 15 1 3 12 
9 2 4 6 12 
3 15 14 7 
3 15 14 9 6 
9 2 4 6 15 13 
3 8 15 10 6 13 
9 0 17 4 6 
3 12 8 10 6 
9 7 17 1 3 13 
9 0 3 12 6 
3 12 16 8 
3 14 16 9 6 13 
3 16 8 10 15 12 
3 16 8 10 12 
9 15 2 3 6 13 
3 14 7 9 13 
9 1 17 3 12 
9 1 3 7 12 
9 2 3 15 6 13 
3 15 14 7 9 
9 2 4 15 6 13 
9 3 15 11 6 13 
3 14 7 10 1 
3 12 9 0 7 
9 1 3 7 15 13 
3 7 9 1 12 
3 0 12 4 
3 14 16 9 7 13 
9 15 7 1 4 12 
9 1 6 4 12 
3 6 0 12 4 
9 6 1 3 13 
9 1 10 3 12 
9 7 1 3 12 
9 2 3 15 7 13 
3 12 17 10 0 
9 16 8 1 4 13 
9 3 15 11 7 13 
9 0 17 6 4 
3 12 9 0 6 
9 16 7 1 3 13 
9 3 12 0 10 
9 13 2 3 15 14 
9 1 14 3 12 
9 15 1 6 4 12 
9 3 12 0 15 
9 1 17 4 13 
9 3 12 0 17 
9 15 1 3 12 
9 3 12 0 
9 17 4 0 4 
9 3 0 7 5 
9 1 3 15 13 
9 3 0 12 4 
9 15 12 1 3 14 
3 12 9 0 
9 1 16 3 13 
9 3 0 12 7 4 
3 0 12 5 
9 0 13 3 6 
9 2 4 6 15 12 
3 8 15 10 6 12 
3 6 0 12 3 
9 13 0 4 6 
3 13 1 7 3 
9 12 0 3 6 
9 2 4 6 15 14 
9 0 8 4 7 
9 3 0 12 10 5 
9 0 3 6 16 
9 0 17 6 3 
9 0 3 6 
9 0 16 3 6 
9 0 3 6 17 
9 2 3 15 6 14 
3 7 17 9 1 
9 2 4 15 6 12 
9 3 15 11 6 12 
9 1 13 17 3 
9 0 3 6 9 
9 1 3 7 15 12 
9 3 12 0 5 
9 17 4 0 5 
9 3 0 7 3 
9 0 3 15 6 
9 3 0 12 5 
9 15 0 3 6 
3 7 9 1 
9 17 3 0 12 3 
9 3 0 12 7 3 
3 0 12 16 4 
9 1 13 6 4 
3 0 12 15 4 
9 3 15 11 7 12 
9 0 9 6 3 
9 7 1 13 3 
9 16 7 1 3 12 
9 12 0 6 3 
9 15 0 8 4 
9 3 0 6 5 
9 0 3 15 7 
9 8 4 0 12 4 
9 0 6 15 3 
9 0 6 3 
9 0 16 6 3 
9 0 16 6 9 3 6 
3 16 1 8 3 
9 12 1 3 15 12 
9 1 3 15 12 
9 3 0 13 5 
9 1 13 15 3 
9 1 13 3 
9 1 16 3 12 
9 0 6 15 9 3 13 
9 1 3 15 14 
9 3 0 5 
9 16 3 0 5 
9 3 0 12 15 4 
9 1 16 3 14 
9 0 6 15 9 3 
9 3 0 12 15 4 17 
9 0 16 6 9 3 
9 7 10 
9 7 10 16 
9 12 9 
9 7 12 
9 7 10 15 
9 7 12 15 
9 7 12 17 
9 7 12 16 
9 12 9 13 
9 7 
9 16 7 
9 7 16 
9 7 15 
9 16 7 15 
9 7 17 
9 7 12 17 9 
9 7 10 6 
9 7 11 
9 15 12 
9 12 
9 12 17 
9 15 12 15 
9 12 16 
9 7 12 17 10 
9 15 
9 
9 16 
9 15 9 12 9 
9 17 
3 6 4 9 
3 1 14 6 10 
3 13 3 9 
9 8 10 
9 7 11 7 
9 15 12 7 
9 12 8 
9 12 17 7 
3 12 2 11 0 
3 13 2 
9 7 14 4 13 
9 15 7 
9 8 
9 16 8 
9 1 8 12 10 
9 17 8 
3 13 17 3 10 
3 13 2 9 16 
3 13 2 9 
9 15 7 10 
9 8 11 
9 16 8 10 
9 1 8 12 9 
9 17 8 10 
3 13 17 3 9 
3 13 2 10 16 
3 13 2 10 
9 6 15 6 
3 16 3 9 
9 3 15 3 
3 15 3 9 
9 1 8 15 10 
9 14 4 14 
3 1 14 10 
3 16 5 13 9 
9 14 9 
9 7 14 
9 16 7 12 
9 6 0 14 
3 6 2 
3 17 5 7 0 
9 7 17 12 
9 12 8 3 6 
9 15 7 5 
9 8 5 
9 16 8 5 
9 7 0 14 10 
9 17 8 3 
3 6 2 9 
3 6 2 9 15 
3 13 15 5 10 
9 15 14 
9 14 
9 16 12 
9 7 0 14 9 
9 17 14 
3 6 2 10 
3 6 2 10 15 
3 13 15 5 9 
9 13 16 12 
3 16 4 9 
9 3 15 4 
3 15 4 9 
3 0 8 9 
9 8 3 8 
3 1 14 3 10 
3 6 1 13 9 
3 16 2 
9 8 14 
3 15 2 
9 7 14 4 16 
3 2 
9 7 14 4 
9 15 12 7 3 
9 12 8 3 
3 12 15 12 2 
3 16 2 9 
9 8 3 15 
3 15 2 9 
9 15 7 3 
9 8 3 
9 16 8 3 
9 7 3 16 5 
3 16 0 7 0 
3 16 2 10 
9 14 4 15 
3 15 2 10 
9 15 14 4 
9 14 4 
9 16 12 4 
9 12 3 15 5 
3 16 0 6 9 
3 16 4 7 9 
3 15 1 13 10 
3 16 1 13 9 
3 13 1 12 10 
3 16 5 9 
9 3 15 5 
3 15 5 9 
9 6 10 
9 7 13 1 
9 6 15 12 
9 6 12 
9 6 12 17 
9 7 12 15 8 
9 12 16 6 
3 13 2 10 6 
9 6 15 
9 6 
9 6 16 
9 7 12 1 10 
9 6 17 
9 3 6 4 
3 1 14 10 6 
3 13 3 9 6 
9 13 15 1 
9 6 11 
9 13 16 1 
9 7 12 1 9 
9 13 17 1 
9 6 12 17 10 
3 1 14 9 6 11 
9 2 4 12 2 
9 15 6 
9 7 10 1 9 
9 16 7 1 10 
9 12 9 1 9 
9 7 15 1 10 
3 7 4 9 
9 7 17 1 10 
3 6 0 13 9 
3 12 2 16 
9 7 11 8 
9 15 12 8 
9 1 8 4 12 2 
3 12 2 
3 12 2 10 6 
3 6 0 13 4 0 
9 3 12 10 2 
9 15 8 
3 13 0 17 10 
9 3 15 3 7 
9 12 8 1 10 
3 14 0 10 6 
3 12 2 9 
3 13 2 9 1 10 
3 13 0 9 6 
9 15 8 10 
3 13 0 17 9 
3 12 2 10 15 
9 12 8 1 9 
3 14 0 9 6 11 
3 12 2 10 
3 14 0 10 12 
9 15 11 3 12 2 
9 15 7 1 10 
3 0 4 9 
9 16 8 1 10 
3 16 0 13 9 
3 14 0 10 
3 13 0 16 9 
3 13 0 9 16 
3 13 0 9 
9 6 15 14 
9 6 14 
9 16 12 6 
3 15 2 10 6 
3 7 0 
9 14 4 6 
9 16 12 4 6 
9 12 8 3 7 
9 15 8 5 
9 7 14 1 10 
9 8 3 7 15 
9 0 14 6 10 
9 7 2 4 0 10 
9 8 3 7 
9 16 8 3 7 
3 15 5 9 6 
9 15 14 6 
9 7 14 1 9 
9 14 4 15 6 
9 0 14 6 9 
9 15 14 4 6 
3 7 0 10 
9 12 2 4 0 9 
9 0 14 4 6 9 
9 15 14 1 9 
3 0 3 9 
9 16 12 1 9 
3 15 6 0 9 
3 8 0 9 
3 6 0 9 
9 3 15 5 6 
3 15 5 7 9 
9 15 14 8 
3 16 2 10 7 
9 14 4 15 7 
9 12 8 1 4 0 
9 15 14 4 7 
9 6 14 4 
9 15 12 8 3 
9 7 12 1 3 0 
3 17 0 10 15 
3 17 0 10 
9 3 15 4 8 
3 0 9 6 16 
9 15 8 3 
3 0 9 6 
9 3 15 5 7 
3 0 9 6 17 
3 17 0 9 15 
3 17 0 9 
9 14 4 15 8 
9 12 1 3 15 0 
9 8 3 1 11 
3 0 9 6 11 
9 3 0 14 6 11 
9 12 1 3 0 
3 16 0 7 9 
3 16 0 9 
3 0 9 15 
3 15 0 9 
9 15 1 3 0 
3 0 9 
9 3 0 14 11 
3 16 0 13 3 9 
9 13 10 0 11 
9 7 1 13 0 
9 7 12 2 11 
9 12 0 6 0 
3 13 6 16 11 
9 2 5 6 13 0 
3 13 6 15 11 
3 13 6 16 10 12 
9 7 15 5 
9 0 6 0 
9 7 17 5 
9 7 12 2 10 
9 0 17 6 0 
3 13 6 16 10 
3 13 8 9 7 
3 13 6 15 10 
9 12 17 5 
9 1 13 0 
9 12 16 5 
9 7 12 2 9 
9 1 13 17 0 
3 13 6 16 9 
3 14 6 10 12 
3 13 6 15 9 
9 2 11 
3 6 3 9 
9 16 7 2 10 
3 13 4 9 
3 14 6 10 
3 12 3 0 9 
3 13 8 9 
3 13 6 9 
3 6 2 5 
9 1 13 6 0 
3 13 2 4 
3 13 17 10 12 
3 0 12 0 
9 7 12 15 4 
9 7 12 17 4 
9 7 12 16 4 
9 17 8 4 
3 13 17 10 
9 7 2 3 16 10 
3 13 15 10 
9 7 15 4 
3 16 13 15 10 
9 7 17 4 
3 13 6 9 7 
9 17 14 5 
3 13 17 9 
3 14 16 10 12 
3 13 15 9 
9 12 17 4 
3 16 13 15 9 
9 12 16 4 
3 13 16 9 12 
3 14 16 10 
9 17 4 17 
3 14 15 10 
3 16 13 9 
9 17 4 
3 13 16 9 
3 13 9 16 
3 13 9 
3 6 2 3 
9 0 13 6 0 
3 13 2 5 
3 6 17 9 7 
3 1 7 0 
9 7 12 15 3 
9 7 12 17 3 
9 7 12 16 3 
9 17 8 5 
3 6 16 10 
3 8 15 9 7 
3 6 17 10 
9 7 15 3 
3 15 6 15 10 
9 7 17 3 
3 13 9 5 7 
9 17 14 3 
3 6 16 9 
9 7 2 4 16 11 
3 6 17 9 
9 12 17 3 
3 15 6 15 9 
9 12 16 3 
3 13 6 9 12 
3 8 16 9 
9 17 3 17 
3 8 15 9 
3 15 6 9 
9 17 3 
3 6 9 
3 6 9 15 
3 13 9 5 
3 17 11 
9 7 14 3 
9 15 12 7 4 
9 12 8 4 
9 7 10 3 
9 7 10 16 3 
9 12 9 3 
9 7 12 3 
9 15 7 4 
9 8 4 
9 16 8 4 
9 7 3 16 
9 17 3 8 
9 7 3 
9 16 7 3 
9 7 16 3 
9 15 14 3 
9 14 3 
9 16 12 3 
9 12 3 15 
9 17 4 14 
9 7 11 3 
9 15 12 3 
9 12 3 
3 12 15 12 10 
3 16 9 
9 3 15 
3 15 9 
9 15 3 
9 3 
9 16 3 
9 15 9 12 3 9 
9 7 13 2 11 
9 6 13 1 
9 6 12 1 11 
3 13 15 9 6 
3 12 7 0 
9 2 3 6 13 0 
9 12 16 4 6 
9 2 4 6 12 0 
9 6 17 5 
9 3 6 3 
3 14 15 10 6 
9 6 12 1 10 
9 17 4 6 
3 12 7 0 9 
3 13 8 9 6 
3 13 9 6 
9 6 1 11 
9 7 13 2 9 
3 14 15 9 6 11 
9 6 12 1 9 
9 2 3 6 11 
3 12 7 0 10 
3 14 7 10 12 
3 13 9 6 11 
9 6 15 1 10 
3 7 3 9 
9 6 16 1 10 
3 7 16 13 9 
3 14 7 10 
3 12 6 0 9 
3 13 9 16 6 
3 13 7 9 
3 12 2 4 
9 14 4 6 5 
9 16 12 4 6 5 
9 6 14 3 13 
9 6 12 17 4 
9 6 13 1 3 
9 12 16 6 4 
9 3 6 5 12 
3 14 16 10 7 
9 13 8 2 10 
9 6 17 4 15 
3 16 13 9 7 
9 6 17 4 
9 3 6 5 
3 13 9 16 7 
3 13 6 9 8 
3 14 16 9 7 11 
9 13 8 2 9 
9 1 14 3 13 9 
9 3 12 2 15 
9 6 1 3 11 
9 3 6 5 11 
9 3 12 2 16 
9 3 12 2 
9 15 8 1 10 
3 6 0 5 9 
3 12 9 2 15 
3 13 0 4 9 
9 15 3 6 5 
3 12 9 2 
3 13 9 16 8 
3 6 0 13 4 9 
3 12 2 5 
9 14 3 6 
9 16 12 3 6 
3 6 17 9 6 
9 3 6 10 
9 6 13 1 4 
9 12 16 6 3 
9 12 3 6 
9 8 4 7 15 
9 8 4 7 
3 8 15 9 6 
3 15 9 6 
9 6 17 3 
9 3 6 
9 16 3 6 
9 3 6 17 
9 15 14 3 6 
3 7 17 9 
3 7 17 9 16 
9 12 3 15 6 
9 2 4 6 11 
9 3 6 11 
9 15 12 3 6 
9 7 12 3 8 
3 16 8 9 
3 16 9 6 
9 3 15 6 
3 7 15 9 
9 15 3 6 
3 7 9 
3 6 9 15 6 
3 6 0 13 3 9 
3 12 2 16 4 
9 6 14 3 
9 15 12 8 4 
9 12 3 15 7 
9 6 10 3 
9 7 13 1 3 
9 6 15 12 3 
9 6 12 3 
9 15 8 4 
3 16 9 7 
9 3 15 7 
3 15 6 9 8 
9 6 15 3 
9 6 3 
9 6 16 3 
9 7 12 1 3 10 
9 1 6 4 11 
3 16 9 7 11 
9 3 15 7 10 
9 12 3 15 8 
9 7 1 3 11 
9 6 11 3 
9 12 1 3 9 
9 7 12 1 3 9 
3 0 9 5 15 
3 0 9 5 
9 3 15 8 
3 16 0 13 4 9 
9 15 6 3 
9 7 10 1 3 9 
9 16 7 1 3 10 
9 12 9 1 3 9 
9 13 9 
9 7 13 
9 13 16 7 
9 7 13 16 
9 7 13 15 
9 7 12 16 14 
9 7 13 17 
3 6 2 9 12 
9 6 0 15 
9 6 0 
9 6 0 16 
9 7 12 0 10 
9 6 0 17 
9 2 3 6 2 
9 2 16 3 6 2 
9 7 13 17 9 
9 13 15 
9 13 
9 13 16 
9 7 12 0 9 
9 13 17 
3 6 4 9 13 
3 0 8 9 12 
9 3 12 3 
9 0 11 
9 7 10 0 9 
9 16 7 0 10 
9 13 10 16 9 
9 7 0 15 10 
3 12 3 9 
9 7 0 17 10 
3 13 1 6 9 
9 13 15 7 
9 13 8 
9 13 16 8 
3 16 2 9 12 
3 12 1 
9 7 14 4 12 
9 15 7 3 12 
9 8 3 12 
9 0 11 8 
3 13 1 17 10 
9 8 3 15 13 
9 12 0 8 10 
9 7 15 1 4 2 
3 12 1 9 
9 16 8 3 13 
9 1 8 3 12 10 
9 0 8 11 
3 13 1 17 9 
3 12 1 10 15 
9 12 0 8 9 
9 15 14 4 12 
3 12 1 10 
9 12 16 1 4 2 
3 16 5 9 12 
9 15 0 7 10 
3 1 9 4 
9 0 16 8 10 
3 16 13 1 9 
3 14 1 10 
3 13 1 16 9 
9 3 15 5 13 
3 13 1 9 
9 16 7 14 
9 6 0 13 
3 7 2 15 
9 0 14 3 6 2 
3 7 2 
9 3 6 9 2 
3 6 0 13 3 2 
9 8 3 12 3 
9 0 13 11 
9 7 0 13 10 
3 7 2 9 15 
3 6 1 17 10 
3 8 1 9 7 
3 7 2 9 
9 7 17 1 3 2 
9 0 12 3 6 2 
9 16 14 
9 7 0 13 9 
9 3 15 4 12 
3 6 1 17 9 
9 12 17 1 3 2 
3 7 2 10 
3 8 1 9 13 
3 6 1 9 13 
9 15 0 13 9 
3 1 3 9 
9 0 16 14 9 
3 15 1 6 9 
3 8 1 9 
3 6 1 9 
3 6 1 9 15 
3 13 1 3 9 
9 16 8 14 
3 13 0 17 4 2 
9 8 3 15 12 
3 15 2 9 12 
9 13 15 7 3 
9 13 8 3 
9 16 8 3 12 
9 7 12 1 3 2 
9 8 3 15 14 
3 17 1 10 
3 17 1 10 16 
9 3 15 11 7 2 
9 1 10 3 2 
9 7 1 3 2 
9 16 7 1 3 2 
3 1 9 13 11 
9 3 15 3 14 
3 17 1 9 
3 17 1 9 16 
3 1 9 13 15 
9 16 14 4 
3 1 9 13 17 
9 3 15 5 12 
3 1 9 13 
3 15 1 12 10 
3 16 1 9 
3 1 9 15 
3 15 1 9 
9 15 1 3 2 
3 1 9 
9 1 16 3 2 
3 16 13 1 3 9 
9 6 13 15 
9 6 13 
9 13 16 6 
9 7 14 1 10 12 
9 13 17 6 
9 3 6 4 13 
9 12 16 4 6 0 
9 8 3 7 12 
9 0 11 6 
9 7 1 13 10 
9 8 3 7 15 13 
9 12 0 6 10 
9 17 4 6 0 
3 12 3 9 6 
3 8 0 10 12 11 
3 13 9 6 0 
9 13 15 6 
9 7 1 13 9 
9 15 14 1 9 12 
9 12 0 6 9 
3 14 1 9 6 11 
3 7 4 9 13 
3 8 0 9 12 
3 6 0 9 12 
9 0 6 15 10 
9 0 9 6 9 
9 0 16 6 10 
3 15 6 0 9 13 
9 0 17 6 10 
3 6 0 12 9 
9 3 0 12 7 11 
3 13 1 7 9 
9 13 15 8 
3 13 0 17 10 13 
3 17 0 10 15 12 
3 17 0 10 12 
3 6 0 12 4 2 
3 12 2 9 13 
9 15 8 3 12 
3 0 9 6 12 
9 3 0 4 6 10 
9 1 13 6 10 
9 8 4 0 12 10 
3 0 9 6 16 13 
9 6 17 4 0 
9 3 6 5 0 
9 3 0 12 6 10 
3 0 9 12 11 
9 3 0 4 6 11 
9 1 13 6 9 
9 8 4 0 12 11 
3 16 0 9 12 
3 14 0 10 13 
3 0 9 12 17 
3 0 9 12 16 
3 0 9 12 
9 15 0 8 10 
3 0 12 16 9 
3 0 9 15 13 
3 0 12 15 9 
9 17 4 0 6 10 
3 0 12 9 
9 3 0 12 11 
9 15 7 1 3 12 9 
9 16 14 6 
9 14 3 6 0 
9 8 3 7 15 12 
9 0 14 6 10 12 
9 3 6 10 0 
3 7 2 10 6 
3 13 1 7 3 2 
9 12 3 6 0 
9 3 0 6 3 10 
9 0 13 6 10 
3 6 17 10 0 10 
3 15 9 6 0 
9 6 17 3 0 
3 1 9 6 
9 16 3 6 0 
9 3 6 17 0 
9 3 0 6 3 11 
9 0 13 6 9 
3 6 17 10 0 11 
3 15 6 0 9 12 
9 13 17 3 1 
9 3 6 11 0 
9 3 0 7 13 9 
3 0 9 12 3 
3 16 1 8 9 
3 1 7 16 9 
9 3 15 6 0 
3 15 1 7 9 
9 3 0 7 11 
3 1 7 9 
9 7 17 3 0 10 
3 16 13 1 3 9 6 
9 14 3 0 6 11 
9 6 14 3 0 
9 8 4 0 13 11 
3 0 9 6 16 12 
9 6 10 3 0 
9 13 3 1 6 
9 3 0 6 13 11 
9 6 12 3 0 
9 8 4 0 10 
3 16 9 7 0 
9 3 15 7 0 
9 8 4 0 13 10 
9 3 0 6 10 
9 6 3 0 
9 3 0 13 11 
9 3 0 6 13 10 
9 8 4 0 11 
9 14 3 0 6 9 
3 0 9 15 12 
3 15 0 9 12 
9 3 0 6 11 
9 13 3 1 
9 3 0 13 9 
9 3 0 6 13 9 
3 16 9 0 11 
3 16 1 7 9 
3 15 9 0 11 
9 3 0 12 15 4 2 
9 3 0 11 
3 0 12 16 3 9 
9 3 0 6 15 10 
3 0 12 15 3 9 
9 7 13 0 11 
9 6 13 0 
9 6 12 2 11 
3 6 16 10 12 
3 12 7 1 
9 2 3 6 13 1 
9 7 15 3 12 
9 2 4 6 12 1 
9 6 2 10 
9 7 13 0 10 
3 8 16 10 12 11 
9 6 12 2 10 
9 17 4 6 2 
3 12 7 1 9 
9 2 4 12 11 
3 13 9 6 2 
9 13 17 5 
9 7 13 0 9 
3 8 16 9 12 
9 3 12 4 
3 14 6 10 13 
3 12 7 1 10 
9 17 3 12 
3 6 9 12 
9 6 15 2 10 
3 12 4 9 
9 6 16 2 10 
3 12 15 6 9 
3 12 8 9 
3 12 6 9 
3 6 9 15 13 
3 12 6 15 9 
3 12 1 4 
3 13 17 10 13 
9 15 7 4 12 
9 8 4 12 
9 7 15 4 13 
9 6 13 0 3 
9 3 12 9 
9 7 3 12 
3 12 17 10 15 
3 12 17 10 
9 16 8 4 13 
9 7 3 16 13 
9 6 2 3 10 
9 7 12 3 14 
9 16 7 3 13 
9 3 12 11 
3 14 16 10 13 
3 12 17 9 
3 12 17 9 16 
9 3 12 15 
9 13 17 4 
9 3 12 17 
9 3 12 16 
9 3 12 
3 15 14 10 
3 12 16 9 
3 12 9 15 
3 12 15 9 
3 13 9 16 13 
3 12 9 
9 16 3 13 
9 15 9 3 12 9 
3 12 1 5 
9 14 3 6 2 
3 8 15 9 7 12 
3 6 17 10 12 
9 3 6 10 2 
9 6 13 0 4 
9 7 17 3 12 
9 12 3 6 2 
9 0 8 4 6 10 
9 6 14 2 10 
3 8 15 10 12 11 
3 15 9 6 2 
9 6 2 4 10 
9 3 6 2 
9 16 3 6 2 
9 3 6 17 2 
9 13 17 3 16 
9 6 14 2 9 
3 8 15 9 12 
3 15 6 9 12 
9 13 17 3 
3 13 6 9 14 
3 6 9 15 12 
9 3 12 5 
3 14 1 5 10 
3 6 1 3 9 
9 3 15 6 2 
3 13 1 5 9 
3 6 9 15 14 
3 12 9 5 
9 16 3 13 5 
3 13 1 6 3 9 
9 13 15 7 4 
9 13 8 4 
9 16 8 4 12 
9 7 3 16 12 
9 13 9 3 
9 7 13 3 
9 16 7 3 12 
9 7 16 3 12 
9 0 8 4 10 
9 7 3 16 14 
9 3 15 7 2 
3 15 9 12 11 
9 7 0 3 10 
9 6 0 3 
9 12 0 3 11 
9 7 12 0 3 10 
9 16 14 3 
3 16 13 9 14 
9 13 3 15 
3 15 9 12 
9 13 15 3 
9 13 3 
9 13 16 3 
9 7 12 0 3 9 
9 3 15 14 
3 1 9 5 
9 3 15 8 2 
9 3 15 9 12 9 
9 0 11 3 
9 7 10 0 3 9 
9 16 7 0 3 10 
9 16 9 3 12 9 
9 6 13 2 11 
9 3 6 3 13 
9 8 4 7 15 12 
9 8 4 7 12 
9 17 4 6 13 
3 12 7 0 9 13 
9 6 17 3 12 
9 3 12 6 
3 15 14 10 6 
9 6 13 2 10 
3 16 8 10 12 11 
3 15 9 6 13 
3 12 8 9 6 
3 12 9 6 
9 16 3 6 13 
9 3 6 17 13 
3 15 14 9 6 11 
9 6 13 2 9 
3 16 8 9 12 
3 16 9 6 12 
3 14 7 10 13 
9 3 6 11 12 
9 15 3 6 12 
3 7 9 12 
3 15 14 7 10 
3 12 7 16 9 
9 3 15 6 13 
3 12 15 7 9 
9 0 17 4 6 10 
3 12 7 9 
9 1 17 3 12 9 
9 15 9 3 12 9 6 
3 14 16 10 7 13 
9 6 14 3 12 
9 15 8 4 12 
3 16 9 7 12 
9 6 17 4 13 
9 3 6 5 13 
9 6 15 3 12 
9 6 3 12 
3 12 17 10 0 10 
3 1 9 6 5 
9 3 15 7 13 
9 1 6 4 12 10 
3 12 9 0 6 10 
9 6 12 3 14 
9 3 12 0 11 
9 7 1 3 12 10 
3 12 17 10 0 11 
9 3 12 2 15 14 
9 3 12 0 15 9 
3 0 9 5 12 
3 12 9 0 6 11 
9 3 12 2 14 
9 3 12 0 9 
9 7 1 3 12 9 
9 3 0 7 5 11 
3 0 12 4 9 
9 3 15 8 13 
9 15 7 1 4 12 9 
3 12 9 0 11 
3 6 0 12 4 9 
9 15 1 3 12 9 
9 1 10 3 12 9 
9 16 14 3 6 
9 13 8 4 7 
3 8 15 9 6 12 
3 15 9 6 12 
9 13 17 6 3 
9 13 3 6 
9 16 3 6 12 
9 3 6 17 12 
9 0 8 4 7 10 
3 15 9 6 14 
9 0 3 6 16 10 
3 0 9 12 11 5 
9 0 3 6 10 
9 3 6 17 14 
9 0 3 6 17 10 
9 12 0 3 6 10 
9 0 8 4 7 11 
9 0 13 3 6 9 
9 3 15 6 12 
3 7 15 9 12 
9 0 3 6 11 
3 13 7 9 14 
9 0 3 6 17 11 
9 12 0 3 6 9 
9 3 15 6 14 
3 0 12 5 9 
9 3 0 12 5 11 
3 0 12 15 4 9 7 
3 7 9 1 11 
3 6 0 12 3 9 
9 0 16 3 6 10 
3 13 1 7 3 9 
9 13 15 8 4 
3 16 13 9 7 14 
9 3 15 7 12 
3 15 6 9 8 12 
9 6 13 15 3 
9 6 13 3 
9 6 16 3 12 
9 12 0 6 3 9 6 
9 3 15 7 14 
9 6 3 0 5 
9 3 0 13 5 11 
3 15 9 6 0 3 
9 0 6 3 10 
9 7 1 13 3 10 
9 0 16 6 3 10 6 
9 12 0 6 3 10 
9 3 0 6 5 11 
9 13 3 1 5 
9 3 15 8 12 
3 16 0 9 12 4 
9 0 6 3 11 
9 7 1 13 3 9 
9 12 0 6 3 9 16 
9 12 0 6 3 9 
9 3 0 5 11 
3 0 12 16 4 9 
9 0 3 15 7 10 
3 0 12 15 4 9 
9 0 6 15 3 10 
9 0 9 6 3 9 
9 0 16 6 3 10 
3 15 6 0 9 13 3 
